0.000000 0.999002
2.248600 0.936860
4.497199 0.943267
6.745798 0.823598
8.994398 0.862899
11.242998 0.748899
13.491596 0.712165
15.740196 0.631161
17.988796 0.603624
20.237396 0.560420
22.485996 0.561543
24.734594 0.561594
26.983192 0.508069
29.231794 0.519629
31.480392 0.544426
33.728992 0.503904
35.977592 0.553654
38.226192 0.495657
40.474792 0.538811
42.723392 0.486082
44.971992 0.556962
47.220592 0.527674
49.469189 0.551440
51.717789 0.523972
53.966385 0.517645
56.214989 0.558586
58.463589 0.519978
60.712189 0.558497
62.960785 0.532923
65.209381 0.568853
67.457985 0.532267
69.706589 0.532557
71.955185 0.508592
74.203781 0.498765
76.452385 0.481149
78.700989 0.484503
80.949585 0.490802
83.198181 0.486602
85.446785 0.485460
87.695381 0.477761
89.943985 0.440560
92.192581 0.448362
94.441185 0.426633
96.689789 0.450574
98.938377 0.437236
101.186981 0.469506
103.435577 0.452894
105.684181 0.458827
107.932770 0.479376
110.181374 0.455527
112.429977 0.481334
114.678574 0.459855
116.927177 0.479965
119.175774 0.461322
121.424377 0.478164
123.672981 0.471959
125.921570 0.478620
128.170181 0.474706
130.418762 0.463292
132.667374 0.472730
134.915970 0.456256
137.164566 0.451296
139.413177 0.441310
141.661774 0.442422
143.910370 0.431808
146.158981 0.432836
148.407562 0.421399
150.656174 0.420736
152.904770 0.423015
155.153366 0.416395
157.401978 0.408631
159.650574 0.415934
161.899170 0.428111
164.147766 0.420818
166.396362 0.434215
168.644958 0.419508
170.893570 0.421827
173.142166 0.423987
175.390762 0.416148
177.639359 0.437125
179.887970 0.400106
182.136566 0.392569
184.385162 0.377873
186.633774 0.396814
188.882370 0.411430
191.130951 0.413123
193.379578 0.411126
195.628159 0.395995
197.876755 0.392704
200.125351 0.387494
202.373962 0.415048
204.622559 0.417635
206.871155 0.407324
209.119766 0.446825
211.368362 0.371840
213.616959 0.351411
215.865540 0.416681
218.114166 0.375833
220.362747 0.267276
222.611343 0.126884
